719
110
672
126
418
63
351
90
341
62
302
83
158
91
42
47
18
16
3
3
0
1
0
1
418
63
302
83
18
16
3
3
0
1
0
1
672
126
418
63
302
83
18
16
3
3
0
1
0
1
418
63
302
83
18
16
3
3
0
1
0
1
672
126
418
63
351
90
302
83
18
16
3
3
0
1
0
1
418
63
302
83
18
16
3
3
0
1
0
1
672
126
418
63
302
83
18
16
3
3
0
1
0
1
418
63
302
83
18
16
3
3
0
1
0
1
672
126
418
63
351
90
341
62
302
83
18
16
3
3
0
1
0
1
418
63
302
83
18
16
3
3
0
1
0
1
672
126
418
63
302
83
18
16
3
3
0
1
0
1
418
63
302
83
18
16
3
3
0
1
0
1
672
126
418
63
351
90
302
83
18
16
3
3
0
1
0
1
418
63
302
83
18
16
3
3
0
1
0
1
672
126
418
63
302
83
18
16
3
3
0
1
0
1
418
63
302
83
18
16
3
3
0
1
0
1
0
4
719
110
672
126
418
63
351
90
341
62
302
83
18
16
3
3
0
1
0
1
418
63
302
83
18
16
3
3
0
1
0
1
672
126
418
63
302
83
18
16
3
3
0
1
0
1
418
63
302
83
18
16
3
3
0
1
0
1
672
126
418
63
351
90
302
83
18
16
3
3
0
1
0
1
418
63
302
83
18
16
3
3
0
1
0
1
672
126
418
63
302
83
18
16
3
3
0
1
0
1
418
63
302
83
18
16
3
3
0
1
0
1
672
126
418
63
351
90
341
62
302
83
18
16
3
3
0
1
0
1
418
63
302
83
18
16
3
3
0
1
0
1
672
126
418
63
302
83
18
16
3
3
0
1
0
1
418
63
302
83
18
16
3
3
0
1
0
1
672
126
418
63
351
90
302
83
18
16
3
3
0
1
0
1
418
63
302
83
18
16
3
3
0
1
0
1
672
126
418
63
302
83
18
16
3
3
0
1
0
1
418
63
302
83
18
16
3
3
0
1
0
1
0
4
